0	1	1	8.81 	0.33 	31.28 	1	0.50 	111.2 	8	78.82 	116.21 	55.39 	1.828 	17.934 	0	4	2	82.38 	1.06 	33.31 	0	1.00 	280.1 	15	74.31 	-51.18 	-119.12 	5.568 	8.665 	1	1	2	20.23 	0.78 	21.99 	0	1.00 	74.1 	5	5.58 	24.01 	-33.68 	1.948 	6.041 			-4.570 	-0.150 
0	1	1	8.81 	0.33 	31.28 	1	0.50 	111.2 	8	78.82 	116.21 	55.39 	1.828 	17.934 	0	4	2	82.38 	1.06 	33.31 	0	1.00 	280.1 	15	74.31 	-51.18 	-119.12 	5.568 	8.665 	1	1	4	20.23 	1.56 	31.23 	0	1.00 	102.2 	7	4.71 	23.87 	-33.80 	1.974 	9.391 			-5.470 	1.110 
0	1	1	8.81 	0.33 	31.28 	1	0.50 	111.2 	8	78.82 	116.21 	55.39 	1.828 	17.934 	0	4	2	82.38 	1.06 	33.31 	0	1.00 	280.1 	15	74.31 	-51.18 	-119.12 	5.568 	8.665 	0	0	0	0.00 	2.51 	32.23 	1	0.71 	96.2 	7	1.54 	4.73 	-17.69 	0.197 	1.397 			-3.070 	3.750 
0	1	1	8.81 	0.33 	31.28 	1	0.50 	111.2 	8	78.82 	116.21 	55.39 	1.828 	17.934 	0	4	2	82.38 	1.06 	33.31 	0	1.00 	280.1 	15	74.31 	-51.18 	-119.12 	5.568 	8.665 	1	1	3	20.23 	1.17 	26.61 	0	1.00 	88.2 	6	5.12 	23.94 	-33.64 	1.967 	7.547 			-4.820 	0.350 
0	1	1	8.81 	0.33 	31.28 	1	0.50 	111.2 	8	78.82 	116.21 	55.39 	1.828 	17.934 	0	4	2	82.38 	1.06 	33.31 	0	1.00 	280.1 	15	74.31 	-51.18 	-119.12 	5.568 	8.665 	1	1	1	20.23 	0.39 	17.38 	0	1.00 	60.1 	4	6.19 	24.26 	-33.60 	1.932 	4.087 			-4.290 	-0.540 
0	1	1	8.81 	0.33 	31.28 	1	0.50 	111.2 	8	78.82 	116.21 	55.39 	1.828 	17.934 	0	4	2	82.38 	1.06 	33.31 	0	1.00 	280.1 	15	74.31 	-51.18 	-119.12 	5.568 	8.665 	0	0	1	0.00 	3.08 	38.91 	0	1.00 	114.2 	8	1.25 	5.96 	-3.40 	0.094 	0.473 			-2.180 	5.030 
0	1	1	8.81 	0.33 	31.28 	1	0.50 	111.2 	8	78.82 	116.21 	55.39 	1.828 	17.934 	0	4	2	82.38 	1.06 	33.31 	0	1.00 	280.1 	15	74.31 	-51.18 	-119.12 	5.568 	8.665 	1	1	1	20.23 	0.78 	21.97 	0	1.00 	74.1 	5	5.16 	24.17 	-31.30 	1.722 	1.300 			-4.080 	-0.500 
0	1	1	8.81 	0.33 	31.28 	1	0.50 	111.2 	8	78.82 	116.21 	55.39 	1.828 	17.934 	0	4	2	82.38 	1.06 	33.31 	0	1.00 	280.1 	15	74.31 	-51.18 	-119.12 	5.568 	8.665 	1	1	1	20.23 	1.17 	26.59 	0	1.00 	88.2 	6	4.64 	24.05 	-31.52 	1.667 	1.921 			-4.230 	-0.200 
0	1	1	8.81 	0.33 	31.28 	1	0.50 	111.2 	8	78.82 	116.21 	55.39 	1.828 	17.934 	0	4	2	82.38 	1.06 	33.31 	0	1.00 	280.1 	15	74.31 	-51.18 	-119.12 	5.568 	8.665 	1	1	0	20.23 	0.39 	17.36 	0	1.00 	60.1 	4	5.91 	24.52 	-33.51 	1.839 	3.873 			-3.710 	-1.050 
0	1	1	8.81 	0.33 	31.28 	1	0.50 	111.2 	8	78.82 	116.21 	55.39 	1.828 	17.934 	0	4	2	82.38 	1.06 	33.31 	0	1.00 	280.1 	15	74.31 	-51.18 	-119.12 	5.568 	8.665 	0	1	0	17.07 	0.60 	16.36 	0	0.67 	58.1 	4	9.45 	19.15 	-34.48 	3.248 	4.381 			-3.870 	0.020 
0	1	1	8.81 	0.33 	31.28 	1	0.50 	111.2 	8	78.82 	116.21 	55.39 	1.828 	17.934 	0	4	2	82.38 	1.06 	33.31 	0	1.00 	280.1 	15	74.31 	-51.18 	-119.12 	5.568 	8.665 	0	1	0	23.79 	0.53 	11.29 	0	0.50 	41.1 	3	13.15 	20.78 	-34.63 	4.088 	2.693 			-4.360 	0.470 
0	1	1	8.81 	0.33 	31.28 	1	0.50 	111.2 	8	78.82 	116.21 	55.39 	1.828 	17.934 	0	4	2	82.38 	1.06 	33.31 	0	1.00 	280.1 	15	74.31 	-51.18 	-119.12 	5.568 	8.665 	0	0	0	0.00 	1.69 	26.44 	1	0.00 	78.1 	6	4.95 	8.53 	-20.64 	0.000 	7.030 			-3.850 	2.980 
0	1	1	8.81 	0.33 	31.28 	1	0.50 	111.2 	8	78.82 	116.21 	55.39 	1.828 	17.934 	0	4	2	82.38 	1.06 	33.31 	0	1.00 	280.1 	15	74.31 	-51.18 	-119.12 	5.568 	8.665 	0	0	0	0.00 	2.55 	26.14 	0	1.00 	153.8 	5	1.76 	9.03 	-3.68 	0.001 	0.001 			-3.020 	3.120 
0	1	1	8.81 	0.33 	31.28 	1	0.50 	111.2 	8	78.82 	116.21 	55.39 	1.828 	17.934 	0	4	2	82.38 	1.06 	33.31 	0	1.00 	280.1 	15	74.31 	-51.18 	-119.12 	5.568 	8.665 	0	0	0	0.00 	1.99 	21.35 	0	1.00 	119.4 	4	3.86 	24.00 	-7.96 	1.385 	2.349 			-3.460 	2.390 
0	1	1	8.81 	0.33 	31.28 	1	0.50 	111.2 	8	78.82 	116.21 	55.39 	1.828 	17.934 	0	4	2	82.38 	1.06 	33.31 	0	1.00 	280.1 	15	74.31 	-51.18 	-119.12 	5.568 	8.665 	0	0	0	0.00 	2.34 	27.70 	1	1.00 	84.2 	6	0.77 	2.46 	-3.10 	0.000 	0.491 			-2.280 	3.510 
0	1	1	8.81 	0.33 	31.28 	1	0.50 	111.2 	8	78.82 	116.21 	55.39 	1.828 	17.934 	0	4	2	82.38 	1.06 	33.31 	0	1.00 	280.1 	15	74.31 	-51.18 	-119.12 	5.568 	8.665 	1	1	0	20.23 	1.31 	29.09 	1	1.00 	100.2 	7	4.77 	23.18 	-33.34 	1.784 	2.108 			-5.940 	0.470 
0	1	1	8.81 	0.33 	31.28 	1	0.50 	111.2 	8	78.82 	116.21 	55.39 	1.828 	17.934 	0	4	2	82.38 	1.06 	33.31 	0	1.00 	280.1 	15	74.31 	-51.18 	-119.12 	5.568 	8.665 	0	0	0	0.00 	2.12 	27.61 	1	0.67 	82.1 	6	1.74 	4.80 	-18.24 	0.189 	1.772 			-2.730 	3.100 
0	1	1	8.81 	0.33 	31.28 	1	0.50 	111.2 	8	78.82 	116.21 	55.39 	1.828 	17.934 	0	4	2	82.38 	1.06 	33.31 	0	1.00 	280.1 	15	74.31 	-51.18 	-119.12 	5.568 	8.665 	0	0	7	0.00 	4.15 	48.28 	0	1.00 	142.3 	10	1.04 	2.72 	-3.59 	0.000 	2.454 			-3.250 	6.470 
0	1	1	8.81 	0.33 	31.28 	1	0.50 	111.2 	8	78.82 	116.21 	55.39 	1.828 	17.934 	0	4	2	82.38 	1.06 	33.31 	0	1.00 	280.1 	15	74.31 	-51.18 	-119.12 	5.568 	8.665 	0	0	0	0.00 	1.42 	16.57 	0	1.00 	84.9 	3	6.23 	24.26 	-13.91 	2.031 	3.581 			-3.080 	1.720 
0	1	1	8.81 	0.33 	31.28 	1	0.50 	111.2 	8	78.82 	116.21 	55.39 	1.828 	17.934 	0	4	2	82.38 	1.06 	33.31 	0	1.00 	280.1 	15	74.31 	-51.18 	-119.12 	5.568 	8.665 	1	1	0	20.23 	0.00 	12.76 	0	1.00 	46.1 	3	6.99 	24.67 	-33.40 	1.905 	3.107 			-3.760 	-1.250 
0	1	1	8.81 	0.33 	31.28 	1	0.50 	111.2 	8	78.82 	116.21 	55.39 	1.828 	17.934 	0	4	2	82.38 	1.06 	33.31 	0	1.00 	280.1 	15	74.31 	-51.18 	-119.12 	5.568 	8.665 	0	2	1	26.30 	0.57 	22.31 	0	0.75 	88.1 	6	6.37 	12.29 	-33.61 	2.119 	5.813 			-4.010 	0.910 
0	1	1	8.81 	0.33 	31.28 	1	0.50 	111.2 	8	78.82 	116.21 	55.39 	1.828 	17.934 	0	4	2	82.38 	1.06 	33.31 	0	1.00 	280.1 	15	74.31 	-51.18 	-119.12 	5.568 	8.665 	0	0	1	0.00 	2.25 	35.82 	1	0.25 	106.2 	8	4.17 	8.33 	-21.66 	0.240 	6.384 			-4.670 	3.870 
0	1	1	8.81 	0.33 	31.28 	1	0.50 	111.2 	8	78.82 	116.21 	55.39 	1.828 	17.934 	0	4	2	82.38 	1.06 	33.31 	0	1.00 	280.1 	15	74.31 	-51.18 	-119.12 	5.568 	8.665 	0	0	4	0.00 	2.98 	34.43 	0	1.00 	100.2 	7	1.02 	2.78 	-3.40 	0.063 	1.596 			-2.200 	4.820 
0	1	1	8.81 	0.33 	31.28 	1	0.50 	111.2 	8	78.82 	116.21 	55.39 	1.828 	17.934 	0	4	2	82.38 	1.06 	33.31 	0	1.00 	280.1 	15	74.31 	-51.18 	-119.12 	5.568 	8.665 	0	0	3	0.00 	2.59 	29.82 	0	1.00 	86.2 	6	0.99 	2.80 	-3.27 	0.000 	1.354 			-1.690 	4.180 
0	1	1	8.81 	0.33 	31.28 	1	0.50 	111.2 	8	78.82 	116.21 	55.39 	1.828 	17.934 	0	4	2	82.38 	1.06 	33.31 	0	1.00 	280.1 	15	74.31 	-51.18 	-119.12 	5.568 	8.665 	0	0	1	0.00 	2.81 	40.53 	1	0.33 	120.2 	9	3.70 	10.25 	-21.31 	0.228 	6.641 			-4.860 	4.560 
0	1	1	8.81 	0.33 	31.28 	1	0.50 	111.2 	8	78.82 	116.21 	55.39 	1.828 	17.934 	0	4	2	82.38 	1.06 	33.31 	0	1.00 	280.1 	15	74.31 	-51.18 	-119.12 	5.568 	8.665 	0	0	0	0.00 	0.64 	6.73 	0	1.00 	16.0 	1	0.96 	3.60 	-2.81 	0.000 	0.001 			1.080 	0.920 
0	1	1	8.81 	0.33 	31.28 	1	0.50 	111.2 	8	78.82 	116.21 	55.39 	1.828 	17.934 	0	4	2	82.38 	1.06 	33.31 	0	1.00 	280.1 	15	74.31 	-51.18 	-119.12 	5.568 	8.665 	1	1	0	20.23 	-0.39 	8.14 	0	1.00 	32.0 	2	8.40 	24.71 	-33.16 	1.930 	1.197 			-3.630 	-1.480 
0	1	1	8.81 	0.33 	31.28 	1	0.50 	111.2 	8	78.82 	116.21 	55.39 	1.828 	17.934 	0	4	2	82.38 	1.06 	33.31 	0	1.00 	280.1 	15	74.31 	-51.18 	-119.12 	5.568 	8.665 	0	1	0	9.23 	1.43 	26.76 	0	1.00 	88.2 	6	3.84 	9.82 	-30.97 	1.403 	3.309 			-2.670 	0.460 
0	1	1	8.81 	0.33 	31.28 	1	0.50 	111.2 	8	78.82 	116.21 	55.39 	1.828 	17.934 	0	4	2	82.38 	1.06 	33.31 	0	1.00 	280.1 	15	74.31 	-51.18 	-119.12 	5.568 	8.665 	0	0	0	0.00 	2.30 	35.92 	1	0.25 	106.2 	8	3.74 	7.90 	-22.73 	0.271 	6.458 			-4.780 	3.940 
0	1	1	8.81 	0.33 	31.28 	1	0.50 	111.2 	8	78.82 	116.21 	55.39 	1.828 	17.934 	0	4	2	82.38 	1.06 	33.31 	0	1.00 	280.1 	15	74.31 	-51.18 	-119.12 	5.568 	8.665 	0	0	6	0.00 	3.76 	43.67 	0	1.00 	128.3 	9	1.04 	2.74 	-3.56 	0.063 	2.155 			-2.900 	5.940 
0	1	1	8.81 	0.33 	31.28 	1	0.50 	111.2 	8	78.82 	116.21 	55.39 	1.828 	17.934 	0	4	2	82.38 	1.06 	33.31 	0	1.00 	280.1 	15	74.31 	-51.18 	-119.12 	5.568 	8.665 	0	0	5	0.00 	3.37 	39.05 	0	1.00 	114.2 	8	1.02 	2.75 	-3.43 	0.000 	1.897 			-2.570 	5.460 
0	1	1	8.81 	0.33 	31.28 	1	0.50 	111.2 	8	78.82 	116.21 	55.39 	1.828 	17.934 	0	4	2	82.38 	1.06 	33.31 	0	1.00 	280.1 	15	74.31 	-51.18 	-119.12 	5.568 	8.665 	0	0	0	0.00 	2.30 	35.92 	1	0.25 	106.2 	8	3.93 	9.28 	-22.36 	0.449 	6.256 			-4.990 	4.090 
0	1	1	8.81 	0.33 	31.28 	1	0.50 	111.2 	8	78.82 	116.21 	55.39 	1.828 	17.934 	0	4	2	82.38 	1.06 	33.31 	0	1.00 	280.1 	15	74.31 	-51.18 	-119.12 	5.568 	8.665 	0	0	0	0.00 	2.30 	35.92 	1	0.25 	106.2 	8	3.86 	7.97 	-22.21 	0.000 	6.512 			-4.760 	3.950 
0	1	1	8.81 	0.33 	31.28 	1	0.50 	111.2 	8	78.82 	116.21 	55.39 	1.828 	17.934 	0	4	2	82.38 	1.06 	33.31 	0	1.00 	280.1 	15	74.31 	-51.18 	-119.12 	5.568 	8.665 	1	1	0	20.23 	0.78 	21.97 	0	1.00 	74.1 	5	5.09 	24.13 	-33.30 	1.735 	2.271 			-3.810 	-0.700 
0	1	1	8.81 	0.33 	31.28 	1	0.50 	111.2 	8	78.82 	116.21 	55.39 	1.828 	17.934 	0	4	2	82.38 	1.06 	33.31 	0	1.00 	280.1 	15	74.31 	-51.18 	-119.12 	5.568 	8.665 	0	0	0	0.00 	2.98 	45.14 	1	0.40 	134.2 	10	3.54 	10.31 	-21.51 	0.250 	6.356 			-5.170 	4.730 
0	1	1	8.81 	0.33 	31.28 	1	0.50 	111.2 	8	78.82 	116.21 	55.39 	1.828 	17.934 	0	4	2	82.38 	1.06 	33.31 	0	1.00 	280.1 	15	74.31 	-51.18 	-119.12 	5.568 	8.665 	0	0	0	0.00 	2.00 	31.18 	1	0.14 	92.1 	7	4.42 	8.87 	-21.47 	0.273 	6.679 			-4.320 	3.430 
